地 区 “2020 年
北 京 市 “38903
天 津 市 “28461
河 北 省 “18037
15733
19794
20672
17318
17056
42536
26225
31295
18877
25126
17955
20940
16143
19246
20998
28492
16357
18972
21678
19783
14874
16792
13225
17418
16175
18284
17506
16512

2019 年
43038
31854
17987
15863
20743
22203
18075
1801
45605
26697
32026
19137
25314
17650
20427
16332
21567
20479
28995
16418
19555
20774
19338
14780
15780
13029
17465
15879
17545
18297
17397

2018 年
39843
29903
16722
14810
19665
21398
17200
16994
43351
25007
29471
17045
22996
15792
18780
15169
19538
18808
26054
14935
17528
19248
17664
13798
14250
11520
16160
14624
16557
16715
16189

2017 年
37425
27841
15437
13664
18946
20463
15632
15577
39792
23469
27079
15752
21249
14459
17281
13730
16938
I7160
24820
13424
15403
17898
16180
12970
12658
10320
14900
13120
15503
15350
15087

2016 年
35416
26129
14247
12683
18072
19853
14773
14446
37458
22130
25527
14712
20167
13259
15926
12712
15889
15750
23448
12295
14275
16385
14839
11932
11769

9319
13943
12254
14775
14965
14066

2015 年
33803
24162
13031
11729
17179
17200
13764
13403
34784
20556
2417
12840
18850
12403
14578
11835
14316
14267
20976
11401
13575
15140
13632
10414
11005

8246
13087
10951
13611
13816
128G7

2014 年
31103
22343
11932
10864
16258
16068
13026
12769
33065
19164
22552
11727
17644
11089
13329
11000
12928
13289
19205
10274
12471
13811
12368

9303
9870
7317
12204
9875
12605
12485
11904

2013 年
29176
20419
10872
1008
14878
14950
12054
12037
30400
17926
20610
10544
16177
10053
11897
10002
11761
11946
17421

9596
11193
12600
11055

8288

8824

G307
11217

8943
11576
11292
11392

2012 年
26562
18542

9773
9446
13475
13489
10737
10750
28152
16500
18931
9878
14843
9182
10902
9103
10756
10806
16002
8910
10161
11468
9837
7247
8192
5468
10175
7937
10386
10009
10071

2011 年
24298
16796

8852
8404
11920
11954
9442
9967
26858
14635
17874
8683
13218
8361
9853
7968
9589
9713
14459
7816
8859
10263
8751
6452
7135
5063
9026
6920
9032

8575
